v1	Ib(Q1)	Ic(Q1)
Step Information: I1=100µ  (Run: 1/10)
0.000000000000000e+00	1.000000e-04	-9.819027e-05
1.000000000000000e-02	1.000000e-04	3.898798e-05
2.000000000000000e-02	1.000000e-04	2.360697e-04
3.000000000000000e-02	1.000000e-04	5.162369e-04
4.000000000000000e-02	1.000000e-04	9.087258e-04
5.000000000000000e-02	1.000000e-04	1.447773e-03
6.000000000000000e-02	1.000000e-04	2.169079e-03
7.000000000000001e-02	1.000000e-04	3.102995e-03
8.000000000000000e-02	1.000000e-04	4.264852e-03
9.000000000000000e-02	1.000000e-04	5.644934e-03
9.999999999999999e-02	1.000000e-04	7.202283e-03
1.100000000000000e-01	1.000000e-04	8.866193e-03
1.200000000000000e-01	1.000000e-04	1.054647e-02
1.300000000000000e-01	1.000000e-04	1.214985e-02
1.400000000000000e-01	1.000000e-04	1.359741e-02
1.500000000000000e-01	1.000000e-04	1.483738e-02
1.600000000000000e-01	1.000000e-04	1.584972e-02
1.700000000000000e-01	1.000000e-04	1.664220e-02
1.800000000000000e-01	1.000000e-04	1.724117e-02
1.900000000000000e-01	1.000000e-04	1.768140e-02
2.000000000000000e-01	1.000000e-04	1.799815e-02
2.100000000000000e-01	1.000000e-04	1.822254e-02
2.200000000000001e-01	1.000000e-04	1.837981e-02
2.300000000000001e-01	1.000000e-04	1.848931e-02
2.400000000000001e-01	1.000000e-04	1.856527e-02
2.500000000000001e-01	1.000000e-04	1.861795e-02
2.600000000000001e-01	1.000000e-04	1.865455e-02
2.700000000000001e-01	1.000000e-04	1.868012e-02
2.800000000000001e-01	1.000000e-04	1.869815e-02
2.900000000000001e-01	1.000000e-04	1.871102e-02
3.000000000000001e-01	1.000000e-04	1.872038e-02
3.100000000000001e-01	1.000000e-04	1.872734e-02
3.200000000000001e-01	1.000000e-04	1.873268e-02
3.300000000000001e-01	1.000000e-04	1.873691e-02
3.400000000000001e-01	1.000000e-04	1.874039e-02
3.500000000000001e-01	1.000000e-04	1.874336e-02
3.600000000000002e-01	1.000000e-04	1.874598e-02
3.700000000000002e-01	1.000000e-04	1.874836e-02
3.800000000000002e-01	1.000000e-04	1.875058e-02
3.900000000000002e-01	1.000000e-04	1.875270e-02
4.000000000000002e-01	1.000000e-04	1.875473e-02
4.100000000000002e-01	1.000000e-04	1.875672e-02
4.200000000000002e-01	1.000000e-04	1.875868e-02
4.300000000000002e-01	1.000000e-04	1.876061e-02
4.400000000000002e-01	1.000000e-04	1.876252e-02
4.500000000000002e-01	1.000000e-04	1.876443e-02
4.600000000000002e-01	1.000000e-04	1.876632e-02
4.700000000000003e-01	1.000000e-04	1.876822e-02
4.800000000000003e-01	1.000000e-04	1.877011e-02
4.900000000000003e-01	1.000000e-04	1.877199e-02
5.000000000000002e-01	1.000000e-04	1.877388e-02
5.100000000000002e-01	1.000000e-04	1.877576e-02
5.200000000000002e-01	1.000000e-04	1.877765e-02
5.300000000000002e-01	1.000000e-04	1.877953e-02
5.400000000000003e-01	1.000000e-04	1.878141e-02
5.500000000000003e-01	1.000000e-04	1.878329e-02
5.600000000000003e-01	1.000000e-04	1.878517e-02
5.700000000000003e-01	1.000000e-04	1.878706e-02
5.800000000000003e-01	1.000000e-04	1.878894e-02
5.900000000000003e-01	1.000000e-04	1.879082e-02
6.000000000000003e-01	1.000000e-04	1.879270e-02
6.100000000000003e-01	1.000000e-04	1.879459e-02
6.200000000000003e-01	1.000000e-04	1.879647e-02
6.300000000000003e-01	1.000000e-04	1.879835e-02
6.400000000000003e-01	1.000000e-04	1.880023e-02
6.500000000000004e-01	1.000000e-04	1.880211e-02
6.600000000000004e-01	1.000000e-04	1.880399e-02
6.700000000000004e-01	1.000000e-04	1.880587e-02
6.800000000000004e-01	1.000000e-04	1.880776e-02
6.900000000000004e-01	1.000000e-04	1.880964e-02
7.000000000000004e-01	1.000000e-04	1.881152e-02
7.100000000000004e-01	1.000000e-04	1.881340e-02
7.200000000000004e-01	1.000000e-04	1.881528e-02
7.300000000000004e-01	1.000000e-04	1.881717e-02
7.400000000000004e-01	1.000000e-04	1.881905e-02
7.500000000000004e-01	1.000000e-04	1.882093e-02
7.600000000000005e-01	1.000000e-04	1.882281e-02
7.700000000000005e-01	1.000000e-04	1.882469e-02
7.800000000000005e-01	1.000000e-04	1.882657e-02
7.900000000000005e-01	1.000000e-04	1.882846e-02
8.000000000000005e-01	1.000000e-04	1.883034e-02
8.100000000000005e-01	1.000000e-04	1.883222e-02
8.200000000000005e-01	1.000000e-04	1.883410e-02
8.300000000000005e-01	1.000000e-04	1.883598e-02
8.400000000000005e-01	1.000000e-04	1.883787e-02
8.500000000000005e-01	1.000000e-04	1.883975e-02
8.600000000000005e-01	1.000000e-04	1.884163e-02
8.700000000000006e-01	1.000000e-04	1.884351e-02
8.800000000000006e-01	1.000000e-04	1.884539e-02
8.900000000000006e-01	1.000000e-04	1.884727e-02
9.000000000000006e-01	1.000000e-04	1.884915e-02
9.100000000000006e-01	1.000000e-04	1.885104e-02
9.200000000000006e-01	1.000000e-04	1.885292e-02
9.300000000000006e-01	1.000000e-04	1.885480e-02
9.400000000000006e-01	1.000000e-04	1.885668e-02
9.500000000000006e-01	1.000000e-04	1.885857e-02
9.600000000000006e-01	1.000000e-04	1.886045e-02
9.700000000000006e-01	1.000000e-04	1.886233e-02
9.800000000000006e-01	1.000000e-04	1.886421e-02
9.900000000000007e-01	1.000000e-04	1.886609e-02
1.000000000000001e+00	1.000000e-04	1.886797e-02
1.010000000000001e+00	1.000000e-04	1.886985e-02
1.020000000000001e+00	1.000000e-04	1.887174e-02
1.030000000000001e+00	1.000000e-04	1.887362e-02
1.040000000000001e+00	1.000000e-04	1.887550e-02
1.050000000000001e+00	1.000000e-04	1.887738e-02
1.060000000000001e+00	1.000000e-04	1.887926e-02
1.070000000000001e+00	1.000000e-04	1.888115e-02
1.080000000000001e+00	1.000000e-04	1.888303e-02
1.090000000000001e+00	1.000000e-04	1.888491e-02
1.100000000000001e+00	1.000000e-04	1.888679e-02
1.110000000000001e+00	1.000000e-04	1.888867e-02
1.120000000000001e+00	1.000000e-04	1.889055e-02
1.130000000000001e+00	1.000000e-04	1.889244e-02
1.140000000000001e+00	1.000000e-04	1.889432e-02
1.150000000000001e+00	1.000000e-04	1.889620e-02
1.160000000000001e+00	1.000000e-04	1.889808e-02
1.170000000000001e+00	1.000000e-04	1.889996e-02
1.180000000000001e+00	1.000000e-04	1.890185e-02
1.190000000000001e+00	1.000000e-04	1.890373e-02
1.200000000000001e+00	1.000000e-04	1.890561e-02
1.210000000000001e+00	1.000000e-04	1.890749e-02
1.220000000000001e+00	1.000000e-04	1.890937e-02
1.230000000000001e+00	1.000000e-04	1.891125e-02
1.240000000000001e+00	1.000000e-04	1.891313e-02
1.250000000000001e+00	1.000000e-04	1.891502e-02
1.260000000000001e+00	1.000000e-04	1.891690e-02
1.270000000000001e+00	1.000000e-04	1.891878e-02
1.280000000000001e+00	1.000000e-04	1.892066e-02
1.290000000000001e+00	1.000000e-04	1.892255e-02
1.300000000000001e+00	1.000000e-04	1.892443e-02
1.310000000000001e+00	1.000000e-04	1.892631e-02
1.320000000000001e+00	1.000000e-04	1.892819e-02
1.330000000000001e+00	1.000000e-04	1.893007e-02
1.340000000000001e+00	1.000000e-04	1.893195e-02
1.350000000000001e+00	1.000000e-04	1.893383e-02
1.360000000000001e+00	1.000000e-04	1.893572e-02
1.370000000000001e+00	1.000000e-04	1.893760e-02
1.380000000000001e+00	1.000000e-04	1.893948e-02
1.390000000000001e+00	1.000000e-04	1.894136e-02
1.400000000000001e+00	1.000000e-04	1.894324e-02
1.410000000000001e+00	1.000000e-04	1.894513e-02
1.420000000000001e+00	1.000000e-04	1.894701e-02
1.430000000000001e+00	1.000000e-04	1.894889e-02
1.440000000000001e+00	1.000000e-04	1.895077e-02
1.450000000000001e+00	1.000000e-04	1.895265e-02
1.460000000000001e+00	1.000000e-04	1.895453e-02
1.470000000000001e+00	1.000000e-04	1.895642e-02
1.480000000000001e+00	1.000000e-04	1.895830e-02
1.490000000000001e+00	1.000000e-04	1.896018e-02
1.500000000000000e+00	1.000000e-04	1.896206e-02
Step Information: I1=200µ  (Run: 2/10)
0.000000000000000e+00	2.000000e-04	-1.957250e-04
1.000000000000000e-02	2.000000e-04	7.626347e-05
2.000000000000000e-02	2.000000e-04	4.643216e-04
3.000000000000000e-02	2.000000e-04	1.010807e-03
4.000000000000000e-02	2.000000e-04	1.766989e-03
5.000000000000000e-02	2.000000e-04	2.789615e-03
6.000000000000000e-02	2.000000e-04	4.133368e-03
7.000000000000001e-02	2.000000e-04	5.839315e-03
8.000000000000000e-02	2.000000e-04	7.921665e-03
9.000000000000000e-02	2.000000e-04	1.035715e-02
9.999999999999999e-02	2.000000e-04	1.308122e-02
1.100000000000000e-01	2.000000e-04	1.599284e-02
1.200000000000000e-01	2.000000e-04	1.896645e-02
1.300000000000000e-01	2.000000e-04	2.186833e-02
1.400000000000000e-01	2.000000e-04	2.457421e-02
1.500000000000000e-01	2.000000e-04	2.698545e-02
1.600000000000000e-01	2.000000e-04	2.904058e-02
1.700000000000000e-01	2.000000e-04	3.071948e-02
1.800000000000000e-01	2.000000e-04	3.203886e-02
1.900000000000000e-01	2.000000e-04	3.304134e-02
2.000000000000000e-01	2.000000e-04	3.378209e-02
2.100000000000000e-01	2.000000e-04	3.431762e-02
2.200000000000001e-01	2.000000e-04	3.469853e-02
2.300000000000001e-01	2.000000e-04	3.496637e-02
2.400000000000001e-01	2.000000e-04	3.515334e-02
2.500000000000001e-01	2.000000e-04	3.528336e-02
2.600000000000001e-01	2.000000e-04	3.537372e-02
2.700000000000001e-01	2.000000e-04	3.543667e-02
2.800000000000001e-01	2.000000e-04	3.548077e-02
2.900000000000001e-01	2.000000e-04	3.551198e-02
3.000000000000001e-01	2.000000e-04	3.553436e-02
3.100000000000001e-01	2.000000e-04	3.555074e-02
3.200000000000001e-01	2.000000e-04	3.556302e-02
3.300000000000001e-01	2.000000e-04	3.557252e-02
3.400000000000001e-01	2.000000e-04	3.558011e-02
3.500000000000001e-01	2.000000e-04	3.558642e-02
3.600000000000002e-01	2.000000e-04	3.559186e-02
3.700000000000002e-01	2.000000e-04	3.559669e-02
3.800000000000002e-01	2.000000e-04	3.560112e-02
3.900000000000002e-01	2.000000e-04	3.560528e-02
4.000000000000002e-01	2.000000e-04	3.560925e-02
4.100000000000002e-01	2.000000e-04	3.561309e-02
4.200000000000002e-01	2.000000e-04	3.561685e-02
4.300000000000002e-01	2.000000e-04	3.562055e-02
4.400000000000002e-01	2.000000e-04	3.562421e-02
4.500000000000002e-01	2.000000e-04	3.562784e-02
4.600000000000002e-01	2.000000e-04	3.563145e-02
4.700000000000003e-01	2.000000e-04	3.563505e-02
4.800000000000003e-01	2.000000e-04	3.563864e-02
4.900000000000003e-01	2.000000e-04	3.564223e-02
5.000000000000002e-01	2.000000e-04	3.564581e-02
5.100000000000002e-01	2.000000e-04	3.564939e-02
5.200000000000002e-01	2.000000e-04	3.565297e-02
5.300000000000002e-01	2.000000e-04	3.565654e-02
5.400000000000003e-01	2.000000e-04	3.566012e-02
5.500000000000003e-01	2.000000e-04	3.566369e-02
5.600000000000003e-01	2.000000e-04	3.566727e-02
5.700000000000003e-01	2.000000e-04	3.567084e-02
5.800000000000003e-01	2.000000e-04	3.567442e-02
5.900000000000003e-01	2.000000e-04	3.567799e-02
6.000000000000003e-01	2.000000e-04	3.568156e-02
6.100000000000003e-01	2.000000e-04	3.568514e-02
6.200000000000003e-01	2.000000e-04	3.568871e-02
6.300000000000003e-01	2.000000e-04	3.569228e-02
6.400000000000003e-01	2.000000e-04	3.569586e-02
6.500000000000004e-01	2.000000e-04	3.569943e-02
6.600000000000004e-01	2.000000e-04	3.570300e-02
6.700000000000004e-01	2.000000e-04	3.570658e-02
6.800000000000004e-01	2.000000e-04	3.571015e-02
6.900000000000004e-01	2.000000e-04	3.571372e-02
7.000000000000004e-01	2.000000e-04	3.571730e-02
7.100000000000004e-01	2.000000e-04	3.572087e-02
7.200000000000004e-01	2.000000e-04	3.572445e-02
7.300000000000004e-01	2.000000e-04	3.572802e-02
7.400000000000004e-01	2.000000e-04	3.573159e-02
7.500000000000004e-01	2.000000e-04	3.573516e-02
7.600000000000005e-01	2.000000e-04	3.573874e-02
7.700000000000005e-01	2.000000e-04	3.574231e-02
7.800000000000005e-01	2.000000e-04	3.574589e-02
7.900000000000005e-01	2.000000e-04	3.574946e-02
8.000000000000005e-01	2.000000e-04	3.575303e-02
8.100000000000005e-01	2.000000e-04	3.575661e-02
8.200000000000005e-01	2.000000e-04	3.576018e-02
8.300000000000005e-01	2.000000e-04	3.576376e-02
8.400000000000005e-01	2.000000e-04	3.576733e-02
8.500000000000005e-01	2.000000e-04	3.577090e-02
8.600000000000005e-01	2.000000e-04	3.577447e-02
8.700000000000006e-01	2.000000e-04	3.577805e-02
8.800000000000006e-01	2.000000e-04	3.578162e-02
8.900000000000006e-01	2.000000e-04	3.578519e-02
9.000000000000006e-01	2.000000e-04	3.578877e-02
9.100000000000006e-01	2.000000e-04	3.579234e-02
9.200000000000006e-01	2.000000e-04	3.579592e-02
9.300000000000006e-01	2.000000e-04	3.579949e-02
9.400000000000006e-01	2.000000e-04	3.580306e-02
9.500000000000006e-01	2.000000e-04	3.580664e-02
9.600000000000006e-01	2.000000e-04	3.581021e-02
9.700000000000006e-01	2.000000e-04	3.581378e-02
9.800000000000006e-01	2.000000e-04	3.581736e-02
9.900000000000007e-01	2.000000e-04	3.582093e-02
1.000000000000001e+00	2.000000e-04	3.582450e-02
1.010000000000001e+00	2.000000e-04	3.582808e-02
1.020000000000001e+00	2.000000e-04	3.583165e-02
1.030000000000001e+00	2.000000e-04	3.583523e-02
1.040000000000001e+00	2.000000e-04	3.583880e-02
1.050000000000001e+00	2.000000e-04	3.584237e-02
1.060000000000001e+00	2.000000e-04	3.584595e-02
1.070000000000001e+00	2.000000e-04	3.584952e-02
1.080000000000001e+00	2.000000e-04	3.585309e-02
1.090000000000001e+00	2.000000e-04	3.585666e-02
1.100000000000001e+00	2.000000e-04	3.586024e-02
1.110000000000001e+00	2.000000e-04	3.586381e-02
1.120000000000001e+00	2.000000e-04	3.586739e-02
1.130000000000001e+00	2.000000e-04	3.587096e-02
1.140000000000001e+00	2.000000e-04	3.587453e-02
1.150000000000001e+00	2.000000e-04	3.587811e-02
1.160000000000001e+00	2.000000e-04	3.588168e-02
1.170000000000001e+00	2.000000e-04	3.588526e-02
1.180000000000001e+00	2.000000e-04	3.588883e-02
1.190000000000001e+00	2.000000e-04	3.589240e-02
1.200000000000001e+00	2.000000e-04	3.589597e-02
1.210000000000001e+00	2.000000e-04	3.589955e-02
1.220000000000001e+00	2.000000e-04	3.590312e-02
1.230000000000001e+00	2.000000e-04	3.590669e-02
1.240000000000001e+00	2.000000e-04	3.591027e-02
1.250000000000001e+00	2.000000e-04	3.591384e-02
1.260000000000001e+00	2.000000e-04	3.591742e-02
1.270000000000001e+00	2.000000e-04	3.592099e-02
1.280000000000001e+00	2.000000e-04	3.592456e-02
1.290000000000001e+00	2.000000e-04	3.592814e-02
1.300000000000001e+00	2.000000e-04	3.593171e-02
1.310000000000001e+00	2.000000e-04	3.593528e-02
1.320000000000001e+00	2.000000e-04	3.593886e-02
1.330000000000001e+00	2.000000e-04	3.594243e-02
1.340000000000001e+00	2.000000e-04	3.594600e-02
1.350000000000001e+00	2.000000e-04	3.594958e-02
1.360000000000001e+00	2.000000e-04	3.595315e-02
1.370000000000001e+00	2.000000e-04	3.595673e-02
1.380000000000001e+00	2.000000e-04	3.596030e-02
1.390000000000001e+00	2.000000e-04	3.596387e-02
1.400000000000001e+00	2.000000e-04	3.596745e-02
1.410000000000001e+00	2.000000e-04	3.597102e-02
1.420000000000001e+00	2.000000e-04	3.597459e-02
1.430000000000001e+00	2.000000e-04	3.597816e-02
1.440000000000001e+00	2.000000e-04	3.598174e-02
1.450000000000001e+00	2.000000e-04	3.598531e-02
1.460000000000001e+00	2.000000e-04	3.598889e-02
1.470000000000001e+00	2.000000e-04	3.599246e-02
1.480000000000001e+00	2.000000e-04	3.599603e-02
1.490000000000001e+00	2.000000e-04	3.599961e-02
1.500000000000000e+00	2.000000e-04	3.600318e-02
Step Information: I1=300µ  (Run: 3/10)
0.000000000000000e+00	3.000000e-04	-2.926163e-04
1.000000000000000e-02	3.000000e-04	1.119109e-04
2.000000000000000e-02	3.000000e-04	6.852115e-04
3.000000000000000e-02	3.000000e-04	1.485400e-03
4.000000000000000e-02	3.000000e-04	2.580100e-03
5.000000000000000e-02	3.000000e-04	4.040225e-03
6.000000000000000e-02	3.000000e-04	5.929082e-03
7.000000000000001e-02	3.000000e-04	8.288315e-03
8.000000000000000e-02	3.000000e-04	1.112464e-02
9.000000000000000e-02	3.000000e-04	1.440195e-02
9.999999999999999e-02	3.000000e-04	1.804136e-02
1.100000000000000e-01	3.000000e-04	2.192850e-02
1.200000000000000e-01	3.000000e-04	2.592525e-02
1.300000000000000e-01	3.000000e-04	2.988313e-02
1.400000000000000e-01	3.000000e-04	3.365726e-02
1.500000000000000e-01	3.000000e-04	3.712012e-02
1.600000000000000e-01	3.000000e-04	4.017453e-02
1.700000000000000e-01	3.000000e-04	4.276349e-02
1.800000000000000e-01	3.000000e-04	4.487401e-02
1.900000000000000e-01	3.000000e-04	4.653273e-02
2.000000000000000e-01	3.000000e-04	4.779466e-02
2.100000000000000e-01	3.000000e-04	4.872880e-02
2.200000000000001e-01	3.000000e-04	4.940539e-02
2.300000000000001e-01	3.000000e-04	4.988747e-02
2.400000000000001e-01	3.000000e-04	5.022702e-02
2.500000000000001e-01	3.000000e-04	5.046443e-02
2.600000000000001e-01	3.000000e-04	5.062981e-02
2.700000000000001e-01	3.000000e-04	5.074497e-02
2.800000000000001e-01	3.000000e-04	5.082540e-02
2.900000000000001e-01	3.000000e-04	5.088194e-02
3.000000000000001e-01	3.000000e-04	5.092213e-02
3.100000000000001e-01	3.000000e-04	5.095113e-02
3.200000000000001e-01	3.000000e-04	5.097250e-02
3.300000000000001e-01	3.000000e-04	5.098867e-02
3.400000000000001e-01	3.000000e-04	5.100131e-02
3.500000000000001e-01	3.000000e-04	5.101154e-02
3.600000000000002e-01	3.000000e-04	5.102014e-02
3.700000000000002e-01	3.000000e-04	5.102763e-02
3.800000000000002e-01	3.000000e-04	5.103435e-02
3.900000000000002e-01	3.000000e-04	5.104056e-02
4.000000000000002e-01	3.000000e-04	5.104643e-02
4.100000000000002e-01	3.000000e-04	5.105206e-02
4.200000000000002e-01	3.000000e-04	5.105752e-02
4.300000000000002e-01	3.000000e-04	5.106287e-02
4.400000000000002e-01	3.000000e-04	5.106816e-02
4.500000000000002e-01	3.000000e-04	5.107339e-02
4.600000000000002e-01	3.000000e-04	5.107858e-02
4.700000000000003e-01	3.000000e-04	5.108376e-02
4.800000000000003e-01	3.000000e-04	5.108891e-02
4.900000000000003e-01	3.000000e-04	5.109406e-02
5.000000000000002e-01	3.000000e-04	5.109920e-02
5.100000000000002e-01	3.000000e-04	5.110433e-02
5.200000000000002e-01	3.000000e-04	5.110946e-02
5.300000000000002e-01	3.000000e-04	5.111459e-02
5.400000000000003e-01	3.000000e-04	5.111972e-02
5.500000000000003e-01	3.000000e-04	5.112484e-02
5.600000000000003e-01	3.000000e-04	5.112997e-02
5.700000000000003e-01	3.000000e-04	5.113509e-02
5.800000000000003e-01	3.000000e-04	5.114022e-02
5.900000000000003e-01	3.000000e-04	5.114534e-02
6.000000000000003e-01	3.000000e-04	5.115046e-02
6.100000000000003e-01	3.000000e-04	5.115559e-02
6.200000000000003e-01	3.000000e-04	5.116071e-02
6.300000000000003e-01	3.000000e-04	5.116583e-02
6.400000000000003e-01	3.000000e-04	5.117096e-02
6.500000000000004e-01	3.000000e-04	5.117608e-02
6.600000000000004e-01	3.000000e-04	5.118120e-02
6.700000000000004e-01	3.000000e-04	5.118633e-02
6.800000000000004e-01	3.000000e-04	5.119145e-02
6.900000000000004e-01	3.000000e-04	5.119658e-02
7.000000000000004e-01	3.000000e-04	5.120170e-02
7.100000000000004e-01	3.000000e-04	5.120682e-02
7.200000000000004e-01	3.000000e-04	5.121195e-02
7.300000000000004e-01	3.000000e-04	5.121707e-02
7.400000000000004e-01	3.000000e-04	5.122219e-02
7.500000000000004e-01	3.000000e-04	5.122731e-02
7.600000000000005e-01	3.000000e-04	5.123244e-02
7.700000000000005e-01	3.000000e-04	5.123756e-02
7.800000000000005e-01	3.000000e-04	5.124268e-02
7.900000000000005e-01	3.000000e-04	5.124781e-02
8.000000000000005e-01	3.000000e-04	5.125293e-02
8.100000000000005e-01	3.000000e-04	5.125805e-02
8.200000000000005e-01	3.000000e-04	5.126318e-02
8.300000000000005e-01	3.000000e-04	5.126830e-02
8.400000000000005e-01	3.000000e-04	5.127342e-02
8.500000000000005e-01	3.000000e-04	5.127855e-02
8.600000000000005e-01	3.000000e-04	5.128367e-02
8.700000000000006e-01	3.000000e-04	5.128879e-02
8.800000000000006e-01	3.000000e-04	5.129392e-02
8.900000000000006e-01	3.000000e-04	5.129904e-02
9.000000000000006e-01	3.000000e-04	5.130417e-02
9.100000000000006e-01	3.000000e-04	5.130929e-02
9.200000000000006e-01	3.000000e-04	5.131441e-02
9.300000000000006e-01	3.000000e-04	5.131953e-02
9.400000000000006e-01	3.000000e-04	5.132466e-02
9.500000000000006e-01	3.000000e-04	5.132978e-02
9.600000000000006e-01	3.000000e-04	5.133490e-02
9.700000000000006e-01	3.000000e-04	5.134003e-02
9.800000000000006e-01	3.000000e-04	5.134515e-02
9.900000000000007e-01	3.000000e-04	5.135027e-02
1.000000000000001e+00	3.000000e-04	5.135540e-02
1.010000000000001e+00	3.000000e-04	5.136052e-02
1.020000000000001e+00	3.000000e-04	5.136564e-02
1.030000000000001e+00	3.000000e-04	5.137077e-02
1.040000000000001e+00	3.000000e-04	5.137589e-02
1.050000000000001e+00	3.000000e-04	5.138101e-02
1.060000000000001e+00	3.000000e-04	5.138614e-02
1.070000000000001e+00	3.000000e-04	5.139126e-02
1.080000000000001e+00	3.000000e-04	5.139638e-02
1.090000000000001e+00	3.000000e-04	5.140151e-02
1.100000000000001e+00	3.000000e-04	5.140663e-02
1.110000000000001e+00	3.000000e-04	5.141175e-02
1.120000000000001e+00	3.000000e-04	5.141688e-02
1.130000000000001e+00	3.000000e-04	5.142200e-02
1.140000000000001e+00	3.000000e-04	5.142712e-02
1.150000000000001e+00	3.000000e-04	5.143225e-02
1.160000000000001e+00	3.000000e-04	5.143737e-02
1.170000000000001e+00	3.000000e-04	5.144249e-02
1.180000000000001e+00	3.000000e-04	5.144762e-02
1.190000000000001e+00	3.000000e-04	5.145274e-02
1.200000000000001e+00	3.000000e-04	5.145786e-02
1.210000000000001e+00	3.000000e-04	5.146299e-02
1.220000000000001e+00	3.000000e-04	5.146811e-02
1.230000000000001e+00	3.000000e-04	5.147323e-02
1.240000000000001e+00	3.000000e-04	5.147836e-02
1.250000000000001e+00	3.000000e-04	5.148348e-02
1.260000000000001e+00	3.000000e-04	5.148860e-02
1.270000000000001e+00	3.000000e-04	5.149373e-02
1.280000000000001e+00	3.000000e-04	5.149885e-02
1.290000000000001e+00	3.000000e-04	5.150397e-02
1.300000000000001e+00	3.000000e-04	5.150910e-02
1.310000000000001e+00	3.000000e-04	5.151422e-02
1.320000000000001e+00	3.000000e-04	5.151934e-02
1.330000000000001e+00	3.000000e-04	5.152446e-02
1.340000000000001e+00	3.000000e-04	5.152959e-02
1.350000000000001e+00	3.000000e-04	5.153471e-02
1.360000000000001e+00	3.000000e-04	5.153983e-02
1.370000000000001e+00	3.000000e-04	5.154496e-02
1.380000000000001e+00	3.000000e-04	5.155008e-02
1.390000000000001e+00	3.000000e-04	5.155521e-02
1.400000000000001e+00	3.000000e-04	5.156033e-02
1.410000000000001e+00	3.000000e-04	5.156545e-02
1.420000000000001e+00	3.000000e-04	5.157058e-02
1.430000000000001e+00	3.000000e-04	5.157570e-02
1.440000000000001e+00	3.000000e-04	5.158082e-02
1.450000000000001e+00	3.000000e-04	5.158595e-02
1.460000000000001e+00	3.000000e-04	5.159107e-02
1.470000000000001e+00	3.000000e-04	5.159619e-02
1.480000000000001e+00	3.000000e-04	5.160132e-02
1.490000000000001e+00	3.000000e-04	5.160644e-02
1.500000000000000e+00	3.000000e-04	5.161156e-02
Step Information: I1=400µ  (Run: 4/10)
0.000000000000000e+00	4.000000e-04	-3.888757e-04
1.000000000000000e-02	4.000000e-04	1.459875e-04
2.000000000000000e-02	4.000000e-04	8.991066e-04
3.000000000000000e-02	4.000000e-04	1.941429e-03
4.000000000000000e-02	4.000000e-04	3.352421e-03
5.000000000000000e-02	4.000000e-04	5.211188e-03
6.000000000000000e-02	4.000000e-04	7.583164e-03
7.000000000000001e-02	4.000000e-04	1.050536e-02
8.000000000000000e-02	4.000000e-04	1.397489e-02
9.000000000000000e-02	4.000000e-04	1.794463e-02
9.999999999999999e-02	4.000000e-04	2.232673e-02
1.100000000000000e-01	4.000000e-04	2.700140e-02
1.200000000000000e-01	4.000000e-04	3.182784e-02
1.300000000000000e-01	4.000000e-04	3.665493e-02
1.400000000000000e-01	4.000000e-04	4.133135e-02
1.500000000000000e-01	4.000000e-04	4.571582e-02
1.600000000000000e-01	4.000000e-04	4.968800e-02
1.700000000000000e-01	4.000000e-04	5.315959e-02
1.800000000000000e-01	4.000000e-04	5.608339e-02
1.900000000000000e-01	4.000000e-04	5.845674e-02
2.000000000000000e-01	4.000000e-04	6.031706e-02
2.100000000000000e-01	4.000000e-04	6.173017e-02
2.200000000000001e-01	4.000000e-04	6.277537e-02
2.300000000000001e-01	4.000000e-04	6.353220e-02
2.400000000000001e-01	4.000000e-04	6.407153e-02
2.500000000000001e-01	4.000000e-04	6.445158e-02
2.600000000000001e-01	4.000000e-04	6.471753e-02
2.700000000000001e-01	4.000000e-04	6.490304e-02
2.800000000000001e-01	4.000000e-04	6.503247e-02
2.900000000000001e-01	4.000000e-04	6.512313e-02
3.000000000000001e-01	4.000000e-04	6.518710e-02
3.100000000000001e-01	4.000000e-04	6.523282e-02
3.200000000000001e-01	4.000000e-04	6.526604e-02
3.300000000000001e-01	4.000000e-04	6.529075e-02
3.400000000000001e-01	4.000000e-04	6.530965e-02
3.500000000000001e-01	4.000000e-04	6.532460e-02
3.600000000000002e-01	4.000000e-04	6.533688e-02
3.700000000000002e-01	4.000000e-04	6.534731e-02
3.800000000000002e-01	4.000000e-04	6.535652e-02
3.900000000000002e-01	4.000000e-04	6.536487e-02
4.000000000000002e-01	4.000000e-04	6.537265e-02
4.100000000000002e-01	4.000000e-04	6.538004e-02
4.200000000000002e-01	4.000000e-04	6.538716e-02
4.300000000000002e-01	4.000000e-04	6.539410e-02
4.400000000000002e-01	4.000000e-04	6.540092e-02
4.500000000000002e-01	4.000000e-04	6.540766e-02
4.600000000000002e-01	4.000000e-04	6.541434e-02
4.700000000000003e-01	4.000000e-04	6.542099e-02
4.800000000000003e-01	4.000000e-04	6.542760e-02
4.900000000000003e-01	4.000000e-04	6.543420e-02
5.000000000000002e-01	4.000000e-04	6.544079e-02
5.100000000000002e-01	4.000000e-04	6.544737e-02
5.200000000000002e-01	4.000000e-04	6.545394e-02
5.300000000000002e-01	4.000000e-04	6.546051e-02
5.400000000000003e-01	4.000000e-04	6.546708e-02
5.500000000000003e-01	4.000000e-04	6.547365e-02
5.600000000000003e-01	4.000000e-04	6.548021e-02
5.700000000000003e-01	4.000000e-04	6.548677e-02
5.800000000000003e-01	4.000000e-04	6.549334e-02
5.900000000000003e-01	4.000000e-04	6.549989e-02
6.000000000000003e-01	4.000000e-04	6.550646e-02
6.100000000000003e-01	4.000000e-04	6.551302e-02
6.200000000000003e-01	4.000000e-04	6.551959e-02
6.300000000000003e-01	4.000000e-04	6.552614e-02
6.400000000000003e-01	4.000000e-04	6.553271e-02
6.500000000000004e-01	4.000000e-04	6.553927e-02
6.600000000000004e-01	4.000000e-04	6.554583e-02
6.700000000000004e-01	4.000000e-04	6.555239e-02
6.800000000000004e-01	4.000000e-04	6.555896e-02
6.900000000000004e-01	4.000000e-04	6.556552e-02
7.000000000000004e-01	4.000000e-04	6.557208e-02
7.100000000000004e-01	4.000000e-04	6.557864e-02
7.200000000000004e-01	4.000000e-04	6.558520e-02
7.300000000000004e-01	4.000000e-04	6.559176e-02
7.400000000000004e-01	4.000000e-04	6.559832e-02
7.500000000000004e-01	4.000000e-04	6.560489e-02
7.600000000000005e-01	4.000000e-04	6.561144e-02
7.700000000000005e-01	4.000000e-04	6.561801e-02
7.800000000000005e-01	4.000000e-04	6.562457e-02
7.900000000000005e-01	4.000000e-04	6.563114e-02
8.000000000000005e-01	4.000000e-04	6.563769e-02
8.100000000000005e-01	4.000000e-04	6.564426e-02
8.200000000000005e-01	4.000000e-04	6.565082e-02
8.300000000000005e-01	4.000000e-04	6.565738e-02
8.400000000000005e-01	4.000000e-04	6.566394e-02
8.500000000000005e-01	4.000000e-04	6.567051e-02
8.600000000000005e-01	4.000000e-04	6.567706e-02
8.700000000000006e-01	4.000000e-04	6.568363e-02
8.800000000000006e-01	4.000000e-04	6.569019e-02
8.900000000000006e-01	4.000000e-04	6.569675e-02
9.000000000000006e-01	4.000000e-04	6.570331e-02
9.100000000000006e-01	4.000000e-04	6.570987e-02
9.200000000000006e-01	4.000000e-04	6.571644e-02
9.300000000000006e-01	4.000000e-04	6.572299e-02
9.400000000000006e-01	4.000000e-04	6.572956e-02
9.500000000000006e-01	4.000000e-04	6.573612e-02
9.600000000000006e-01	4.000000e-04	6.574268e-02
9.700000000000006e-01	4.000000e-04	6.574924e-02
9.800000000000006e-01	4.000000e-04	6.575581e-02
9.900000000000007e-01	4.000000e-04	6.576237e-02
1.000000000000001e+00	4.000000e-04	6.576893e-02
1.010000000000001e+00	4.000000e-04	6.577549e-02
1.020000000000001e+00	4.000000e-04	6.578206e-02
1.030000000000001e+00	4.000000e-04	6.578861e-02
1.040000000000001e+00	4.000000e-04	6.579518e-02
1.050000000000001e+00	4.000000e-04	6.580174e-02
1.060000000000001e+00	4.000000e-04	6.580830e-02
1.070000000000001e+00	4.000000e-04	6.581486e-02
1.080000000000001e+00	4.000000e-04	6.582142e-02
1.090000000000001e+00	4.000000e-04	6.582798e-02
1.100000000000001e+00	4.000000e-04	6.583454e-02
1.110000000000001e+00	4.000000e-04	6.584111e-02
1.120000000000001e+00	4.000000e-04	6.584767e-02
1.130000000000001e+00	4.000000e-04	6.585423e-02
1.140000000000001e+00	4.000000e-04	6.586079e-02
1.150000000000001e+00	4.000000e-04	6.586736e-02
1.160000000000001e+00	4.000000e-04	6.587391e-02
1.170000000000001e+00	4.000000e-04	6.588048e-02
1.180000000000001e+00	4.000000e-04	6.588704e-02
1.190000000000001e+00	4.000000e-04	6.589360e-02
1.200000000000001e+00	4.000000e-04	6.590016e-02
1.210000000000001e+00	4.000000e-04	6.590673e-02
1.220000000000001e+00	4.000000e-04	6.591329e-02
1.230000000000001e+00	4.000000e-04	6.591985e-02
1.240000000000001e+00	4.000000e-04	6.592641e-02
1.250000000000001e+00	4.000000e-04	6.593297e-02
1.260000000000001e+00	4.000000e-04	6.593953e-02
1.270000000000001e+00	4.000000e-04	6.594609e-02
1.280000000000001e+00	4.000000e-04	6.595266e-02
1.290000000000001e+00	4.000000e-04	6.595922e-02
1.300000000000001e+00	4.000000e-04	6.596578e-02
1.310000000000001e+00	4.000000e-04	6.597234e-02
1.320000000000001e+00	4.000000e-04	6.597891e-02
1.330000000000001e+00	4.000000e-04	6.598546e-02
1.340000000000001e+00	4.000000e-04	6.599203e-02
1.350000000000001e+00	4.000000e-04	6.599859e-02
1.360000000000001e+00	4.000000e-04	6.600515e-02
1.370000000000001e+00	4.000000e-04	6.601171e-02
1.380000000000001e+00	4.000000e-04	6.601828e-02
1.390000000000001e+00	4.000000e-04	6.602483e-02
1.400000000000001e+00	4.000000e-04	6.603140e-02
1.410000000000001e+00	4.000000e-04	6.603796e-02
1.420000000000001e+00	4.000000e-04	6.604452e-02
1.430000000000001e+00	4.000000e-04	6.605108e-02
1.440000000000001e+00	4.000000e-04	6.605764e-02
1.450000000000001e+00	4.000000e-04	6.606421e-02
1.460000000000001e+00	4.000000e-04	6.607077e-02
1.470000000000001e+00	4.000000e-04	6.607733e-02
1.480000000000001e+00	4.000000e-04	6.608389e-02
1.490000000000001e+00	4.000000e-04	6.609045e-02
1.500000000000000e+00	4.000000e-04	6.609701e-02
Step Information: I1=500µ  (Run: 5/10)
0.000000000000000e+00	5.000000e-04	-4.845148e-04
1.000000000000000e-02	5.000000e-04	1.785449e-04
2.000000000000000e-02	5.000000e-04	1.106340e-03
3.000000000000000e-02	5.000000e-04	2.380145e-03
4.000000000000000e-02	5.000000e-04	4.087680e-03
5.000000000000000e-02	5.000000e-04	6.311932e-03
6.000000000000000e-02	5.000000e-04	9.116400e-03
7.000000000000001e-02	5.000000e-04	1.253089e-02
8.000000000000000e-02	5.000000e-04	1.654266e-02
9.000000000000000e-02	5.000000e-04	2.109552e-02
9.999999999999999e-02	5.000000e-04	2.609590e-02
1.100000000000000e-01	5.000000e-04	3.142253e-02
1.200000000000000e-01	5.000000e-04	3.693635e-02
1.300000000000000e-01	5.000000e-04	4.248907e-02
1.400000000000000e-01	5.000000e-04	4.793041e-02
1.500000000000000e-01	5.000000e-04	5.311504e-02
1.600000000000000e-01	5.000000e-04	5.791062e-02
1.700000000000000e-01	5.000000e-04	6.220744e-02
1.800000000000000e-01	5.000000e-04	6.592891e-02
1.900000000000000e-01	5.000000e-04	6.904006e-02
2.000000000000000e-01	5.000000e-04	7.155041e-02
2.100000000000000e-01	5.000000e-04	7.350881e-02
2.200000000000001e-01	5.000000e-04	7.499100e-02
2.300000000000001e-01	5.000000e-04	7.608441e-02
2.400000000000001e-01	5.000000e-04	7.687473e-02
2.500000000000001e-01	5.000000e-04	7.743734e-02
2.600000000000001e-01	5.000000e-04	7.783368e-02
2.700000000000001e-01	5.000000e-04	7.811115e-02
2.800000000000001e-01	5.000000e-04	7.830492e-02
2.900000000000001e-01	5.000000e-04	7.844040e-02
3.000000000000001e-01	5.000000e-04	7.853559e-02
3.100000000000001e-01	5.000000e-04	7.860310e-02
3.200000000000001e-01	5.000000e-04	7.865164e-02
3.300000000000001e-01	5.000000e-04	7.868721e-02
3.400000000000001e-01	5.000000e-04	7.871395e-02
3.500000000000001e-01	5.000000e-04	7.873467e-02
3.600000000000002e-01	5.000000e-04	7.875128e-02
3.700000000000002e-01	5.000000e-04	7.876512e-02
3.800000000000002e-01	5.000000e-04	7.877705e-02
3.900000000000002e-01	5.000000e-04	7.878769e-02
4.000000000000002e-01	5.000000e-04	7.879746e-02
4.100000000000002e-01	5.000000e-04	7.880663e-02
4.200000000000002e-01	5.000000e-04	7.881540e-02
4.300000000000002e-01	5.000000e-04	7.882389e-02
4.400000000000002e-01	5.000000e-04	7.883220e-02
4.500000000000002e-01	5.000000e-04	7.884038e-02
4.600000000000002e-01	5.000000e-04	7.884847e-02
4.700000000000003e-01	5.000000e-04	7.885651e-02
4.800000000000003e-01	5.000000e-04	7.886450e-02
4.900000000000003e-01	5.000000e-04	7.887247e-02
5.000000000000002e-01	5.000000e-04	7.888042e-02
5.100000000000002e-01	5.000000e-04	7.888836e-02
5.200000000000002e-01	5.000000e-04	7.889628e-02
5.300000000000002e-01	5.000000e-04	7.890420e-02
5.400000000000003e-01	5.000000e-04	7.891212e-02
5.500000000000003e-01	5.000000e-04	7.892004e-02
5.600000000000003e-01	5.000000e-04	7.892795e-02
5.700000000000003e-01	5.000000e-04	7.893586e-02
5.800000000000003e-01	5.000000e-04	7.894377e-02
5.900000000000003e-01	5.000000e-04	7.895169e-02
6.000000000000003e-01	5.000000e-04	7.895960e-02
6.100000000000003e-01	5.000000e-04	7.896750e-02
6.200000000000003e-01	5.000000e-04	7.897542e-02
6.300000000000003e-01	5.000000e-04	7.898333e-02
6.400000000000003e-01	5.000000e-04	7.899123e-02
6.500000000000004e-01	5.000000e-04	7.899915e-02
6.600000000000004e-01	5.000000e-04	7.900706e-02
6.700000000000004e-01	5.000000e-04	7.901496e-02
6.800000000000004e-01	5.000000e-04	7.902288e-02
6.900000000000004e-01	5.000000e-04	7.903079e-02
7.000000000000004e-01	5.000000e-04	7.903869e-02
7.100000000000004e-01	5.000000e-04	7.904661e-02
7.200000000000004e-01	5.000000e-04	7.905451e-02
7.300000000000004e-01	5.000000e-04	7.906242e-02
7.400000000000004e-01	5.000000e-04	7.907034e-02
7.500000000000004e-01	5.000000e-04	7.907824e-02
7.600000000000005e-01	5.000000e-04	7.908615e-02
7.700000000000005e-01	5.000000e-04	7.909407e-02
7.800000000000005e-01	5.000000e-04	7.910197e-02
7.900000000000005e-01	5.000000e-04	7.910988e-02
8.000000000000005e-01	5.000000e-04	7.911779e-02
8.100000000000005e-01	5.000000e-04	7.912570e-02
8.200000000000005e-01	5.000000e-04	7.913361e-02
8.300000000000005e-01	5.000000e-04	7.914152e-02
8.400000000000005e-01	5.000000e-04	7.914943e-02
8.500000000000005e-01	5.000000e-04	7.915734e-02
8.600000000000005e-01	5.000000e-04	7.916525e-02
8.700000000000006e-01	5.000000e-04	7.917316e-02
8.800000000000006e-01	5.000000e-04	7.918108e-02
8.900000000000006e-01	5.000000e-04	7.918898e-02
9.000000000000006e-01	5.000000e-04	7.919689e-02
9.100000000000006e-01	5.000000e-04	7.920480e-02
9.200000000000006e-01	5.000000e-04	7.921271e-02
9.300000000000006e-01	5.000000e-04	7.922062e-02
9.400000000000006e-01	5.000000e-04	7.922853e-02
9.500000000000006e-01	5.000000e-04	7.923644e-02
9.600000000000006e-01	5.000000e-04	7.924435e-02
9.700000000000006e-01	5.000000e-04	7.925226e-02
9.800000000000006e-01	5.000000e-04	7.926017e-02
9.900000000000007e-01	5.000000e-04	7.926808e-02
1.000000000000001e+00	5.000000e-04	7.927599e-02
1.010000000000001e+00	5.000000e-04	7.928390e-02
1.020000000000001e+00	5.000000e-04	7.929181e-02
1.030000000000001e+00	5.000000e-04	7.929972e-02
1.040000000000001e+00	5.000000e-04	7.930763e-02
1.050000000000001e+00	5.000000e-04	7.931554e-02
1.060000000000001e+00	5.000000e-04	7.932345e-02
1.070000000000001e+00	5.000000e-04	7.933135e-02
1.080000000000001e+00	5.000000e-04	7.933927e-02
1.090000000000001e+00	5.000000e-04	7.934718e-02
1.100000000000001e+00	5.000000e-04	7.935508e-02
1.110000000000001e+00	5.000000e-04	7.936300e-02
1.120000000000001e+00	5.000000e-04	7.937091e-02
1.130000000000001e+00	5.000000e-04	7.937881e-02
1.140000000000001e+00	5.000000e-04	7.938673e-02
1.150000000000001e+00	5.000000e-04	7.939463e-02
1.160000000000001e+00	5.000000e-04	7.940254e-02
1.170000000000001e+00	5.000000e-04	7.941046e-02
1.180000000000001e+00	5.000000e-04	7.941836e-02
1.190000000000001e+00	5.000000e-04	7.942627e-02
1.200000000000001e+00	5.000000e-04	7.943419e-02
1.210000000000001e+00	5.000000e-04	7.944209e-02
1.220000000000001e+00	5.000000e-04	7.945000e-02
1.230000000000001e+00	5.000000e-04	7.945792e-02
1.240000000000001e+00	5.000000e-04	7.946582e-02
1.250000000000001e+00	5.000000e-04	7.947373e-02
1.260000000000001e+00	5.000000e-04	7.948164e-02
1.270000000000001e+00	5.000000e-04	7.948955e-02
1.280000000000001e+00	5.000000e-04	7.949746e-02
1.290000000000001e+00	5.000000e-04	7.950537e-02
1.300000000000001e+00	5.000000e-04	7.951328e-02
1.310000000000001e+00	5.000000e-04	7.952119e-02
1.320000000000001e+00	5.000000e-04	7.952910e-02
1.330000000000001e+00	5.000000e-04	7.953701e-02
1.340000000000001e+00	5.000000e-04	7.954492e-02
1.350000000000001e+00	5.000000e-04	7.955283e-02
1.360000000000001e+00	5.000000e-04	7.956074e-02
1.370000000000001e+00	5.000000e-04	7.956865e-02
1.380000000000001e+00	5.000000e-04	7.957656e-02
1.390000000000001e+00	5.000000e-04	7.958447e-02
1.400000000000001e+00	5.000000e-04	7.959238e-02
1.410000000000001e+00	5.000000e-04	7.960029e-02
1.420000000000001e+00	5.000000e-04	7.960819e-02
1.430000000000001e+00	5.000000e-04	7.961611e-02
1.440000000000001e+00	5.000000e-04	7.962402e-02
1.450000000000001e+00	5.000000e-04	7.963192e-02
1.460000000000001e+00	5.000000e-04	7.963984e-02
1.470000000000001e+00	5.000000e-04	7.964775e-02
1.480000000000001e+00	5.000000e-04	7.965565e-02
1.490000000000001e+00	5.000000e-04	7.966357e-02
1.500000000000000e+00	5.000000e-04	7.967147e-02
Step Information: I1=600µ  (Run: 6/10)
0.000000000000000e+00	6.000000e-04	-5.795445e-04
1.000000000000000e-02	6.000000e-04	2.096309e-04
2.000000000000000e-02	6.000000e-04	1.307221e-03
3.000000000000000e-02	6.000000e-04	2.802671e-03
4.000000000000000e-02	6.000000e-04	4.789098e-03
5.000000000000000e-02	6.000000e-04	7.350255e-03
6.000000000000000e-02	6.000000e-04	1.054520e-02
7.000000000000001e-02	6.000000e-04	1.439544e-02
8.000000000000000e-02	6.000000e-04	1.887888e-02
9.000000000000000e-02	6.000000e-04	2.393198e-02
9.999999999999999e-02	6.000000e-04	2.945760e-02
1.100000000000000e-01	6.000000e-04	3.533497e-02
1.200000000000000e-01	6.000000e-04	4.142872e-02
1.300000000000000e-01	6.000000e-04	4.759575e-02
1.400000000000000e-01	6.000000e-04	5.369038e-02
1.500000000000000e-01	6.000000e-04	5.956886e-02
1.600000000000000e-01	6.000000e-04	6.509470e-02
1.700000000000000e-01	6.000000e-04	7.014597e-02
1.800000000000000e-01	6.000000e-04	7.462478e-02
1.900000000000000e-01	6.000000e-04	7.846759e-02
2.000000000000000e-01	6.000000e-04	8.165321e-02
2.100000000000000e-01	6.000000e-04	8.420467e-02
2.200000000000001e-01	6.000000e-04	8.618259e-02
2.300000000000001e-01	6.000000e-04	8.767185e-02
2.400000000000001e-01	6.000000e-04	8.876614e-02
2.500000000000001e-01	6.000000e-04	8.955486e-02
2.600000000000001e-01	6.000000e-04	9.011535e-02
2.700000000000001e-01	6.000000e-04	9.050991e-02
2.800000000000001e-01	6.000000e-04	9.078618e-02
2.900000000000001e-01	6.000000e-04	9.097936e-02
3.000000000000001e-01	6.000000e-04	9.111476e-02
3.100000000000001e-01	6.000000e-04	9.121027e-02
3.200000000000001e-01	6.000000e-04	9.127837e-02
3.300000000000001e-01	6.000000e-04	9.132771e-02
3.400000000000001e-01	6.000000e-04	9.136424e-02
3.500000000000001e-01	6.000000e-04	9.139203e-02
3.600000000000002e-01	6.000000e-04	9.141387e-02
3.700000000000002e-01	6.000000e-04	9.143166e-02
3.800000000000002e-01	6.000000e-04	9.144669e-02
3.900000000000002e-01	6.000000e-04	9.145986e-02
4.000000000000002e-01	6.000000e-04	9.147174e-02
4.100000000000002e-01	6.000000e-04	9.148276e-02
4.200000000000002e-01	6.000000e-04	9.149319e-02
4.300000000000002e-01	6.000000e-04	9.150322e-02
4.400000000000002e-01	6.000000e-04	9.151298e-02
4.500000000000002e-01	6.000000e-04	9.152255e-02
4.600000000000002e-01	6.000000e-04	9.153201e-02
4.700000000000003e-01	6.000000e-04	9.154136e-02
4.800000000000003e-01	6.000000e-04	9.155067e-02
4.900000000000003e-01	6.000000e-04	9.155994e-02
5.000000000000002e-01	6.000000e-04	9.156918e-02
5.100000000000002e-01	6.000000e-04	9.157840e-02
5.200000000000002e-01	6.000000e-04	9.158761e-02
5.300000000000002e-01	6.000000e-04	9.159681e-02
5.400000000000003e-01	6.000000e-04	9.160601e-02
5.500000000000003e-01	6.000000e-04	9.161519e-02
5.600000000000003e-01	6.000000e-04	9.162438e-02
5.700000000000003e-01	6.000000e-04	9.163357e-02
5.800000000000003e-01	6.000000e-04	9.164275e-02
5.900000000000003e-01	6.000000e-04	9.165194e-02
6.000000000000003e-01	6.000000e-04	9.166112e-02
6.100000000000003e-01	6.000000e-04	9.167030e-02
6.200000000000003e-01	6.000000e-04	9.167949e-02
6.300000000000003e-01	6.000000e-04	9.168867e-02
6.400000000000003e-01	6.000000e-04	9.169786e-02
6.500000000000004e-01	6.000000e-04	9.170704e-02
6.600000000000004e-01	6.000000e-04	9.171622e-02
6.700000000000004e-01	6.000000e-04	9.172540e-02
6.800000000000004e-01	6.000000e-04	9.173458e-02
6.900000000000004e-01	6.000000e-04	9.174377e-02
7.000000000000004e-01	6.000000e-04	9.175295e-02
7.100000000000004e-01	6.000000e-04	9.176213e-02
7.200000000000004e-01	6.000000e-04	9.177131e-02
7.300000000000004e-01	6.000000e-04	9.178050e-02
7.400000000000004e-01	6.000000e-04	9.178968e-02
7.500000000000004e-01	6.000000e-04	9.179886e-02
7.600000000000005e-01	6.000000e-04	9.180804e-02
7.700000000000005e-01	6.000000e-04	9.181723e-02
7.800000000000005e-01	6.000000e-04	9.182641e-02
7.900000000000005e-01	6.000000e-04	9.183560e-02
8.000000000000005e-01	6.000000e-04	9.184477e-02
8.100000000000005e-01	6.000000e-04	9.185396e-02
8.200000000000005e-01	6.000000e-04	9.186314e-02
8.300000000000005e-01	6.000000e-04	9.187232e-02
8.400000000000005e-01	6.000000e-04	9.188151e-02
8.500000000000005e-01	6.000000e-04	9.189069e-02
8.600000000000005e-01	6.000000e-04	9.189987e-02
8.700000000000006e-01	6.000000e-04	9.190905e-02
8.800000000000006e-01	6.000000e-04	9.191824e-02
8.900000000000006e-01	6.000000e-04	9.192742e-02
9.000000000000006e-01	6.000000e-04	9.193660e-02
9.100000000000006e-01	6.000000e-04	9.194578e-02
9.200000000000006e-01	6.000000e-04	9.195497e-02
9.300000000000006e-01	6.000000e-04	9.196415e-02
9.400000000000006e-01	6.000000e-04	9.197333e-02
9.500000000000006e-01	6.000000e-04	9.198251e-02
9.600000000000006e-01	6.000000e-04	9.199169e-02
9.700000000000006e-01	6.000000e-04	9.200088e-02
9.800000000000006e-01	6.000000e-04	9.201006e-02
9.900000000000007e-01	6.000000e-04	9.201925e-02
1.000000000000001e+00	6.000000e-04	9.202842e-02
1.010000000000001e+00	6.000000e-04	9.203761e-02
1.020000000000001e+00	6.000000e-04	9.204679e-02
1.030000000000001e+00	6.000000e-04	9.205598e-02
1.040000000000001e+00	6.000000e-04	9.206516e-02
1.050000000000001e+00	6.000000e-04	9.207434e-02
1.060000000000001e+00	6.000000e-04	9.208352e-02
1.070000000000001e+00	6.000000e-04	9.209271e-02
1.080000000000001e+00	6.000000e-04	9.210189e-02
1.090000000000001e+00	6.000000e-04	9.211107e-02
1.100000000000001e+00	6.000000e-04	9.212025e-02
1.110000000000001e+00	6.000000e-04	9.212943e-02
1.120000000000001e+00	6.000000e-04	9.213862e-02
1.130000000000001e+00	6.000000e-04	9.214780e-02
1.140000000000001e+00	6.000000e-04	9.215698e-02
1.150000000000001e+00	6.000000e-04	9.216616e-02
1.160000000000001e+00	6.000000e-04	9.217535e-02
1.170000000000001e+00	6.000000e-04	9.218453e-02
1.180000000000001e+00	6.000000e-04	9.219372e-02
1.190000000000001e+00	6.000000e-04	9.220289e-02
1.200000000000001e+00	6.000000e-04	9.221208e-02
1.210000000000001e+00	6.000000e-04	9.222126e-02
1.220000000000001e+00	6.000000e-04	9.223044e-02
1.230000000000001e+00	6.000000e-04	9.223963e-02
1.240000000000001e+00	6.000000e-04	9.224880e-02
1.250000000000001e+00	6.000000e-04	9.225799e-02
1.260000000000001e+00	6.000000e-04	9.226717e-02
1.270000000000001e+00	6.000000e-04	9.227636e-02
1.280000000000001e+00	6.000000e-04	9.228554e-02
1.290000000000001e+00	6.000000e-04	9.229472e-02
1.300000000000001e+00	6.000000e-04	9.230390e-02
1.310000000000001e+00	6.000000e-04	9.231309e-02
1.320000000000001e+00	6.000000e-04	9.232227e-02
1.330000000000001e+00	6.000000e-04	9.233145e-02
1.340000000000001e+00	6.000000e-04	9.234063e-02
1.350000000000001e+00	6.000000e-04	9.234981e-02
1.360000000000001e+00	6.000000e-04	9.235900e-02
1.370000000000001e+00	6.000000e-04	9.236818e-02
1.380000000000001e+00	6.000000e-04	9.237736e-02
1.390000000000001e+00	6.000000e-04	9.238654e-02
1.400000000000001e+00	6.000000e-04	9.239573e-02
1.410000000000001e+00	6.000000e-04	9.240491e-02
1.420000000000001e+00	6.000000e-04	9.241410e-02
1.430000000000001e+00	6.000000e-04	9.242328e-02
1.440000000000001e+00	6.000000e-04	9.243246e-02
1.450000000000001e+00	6.000000e-04	9.244164e-02
1.460000000000001e+00	6.000000e-04	9.245083e-02
1.470000000000001e+00	6.000000e-04	9.246001e-02
1.480000000000001e+00	6.000000e-04	9.246919e-02
1.490000000000001e+00	6.000000e-04	9.247837e-02
1.500000000000000e+00	6.000000e-04	9.248755e-02
Step Information: I1=700µ  (Run: 7/10)
0.000000000000000e+00	7.000000e-04	-6.739759e-04
1.000000000000000e-02	7.000000e-04	2.392911e-04
2.000000000000000e-02	7.000000e-04	1.502033e-03
3.000000000000000e-02	7.000000e-04	3.210023e-03
4.000000000000000e-02	7.000000e-04	5.459479e-03
5.000000000000000e-02	7.000000e-04	8.332691e-03
6.000000000000000e-02	7.000000e-04	1.188277e-02
7.000000000000001e-02	7.000000e-04	1.612261e-02
8.000000000000000e-02	7.000000e-04	2.102166e-02
9.000000000000000e-02	7.000000e-04	2.651041e-02
9.999999999999999e-02	7.000000e-04	3.248958e-02
1.100000000000000e-01	7.000000e-04	3.883997e-02
1.200000000000000e-01	7.000000e-04	4.543061e-02
1.300000000000000e-01	7.000000e-04	5.212445e-02
1.400000000000000e-01	7.000000e-04	5.878198e-02
1.500000000000000e-01	7.000000e-04	6.526395e-02
1.600000000000000e-01	7.000000e-04	7.143466e-02
1.700000000000000e-01	7.000000e-04	7.716687e-02
1.800000000000000e-01	7.000000e-04	8.234933e-02
1.900000000000000e-01	7.000000e-04	8.689661e-02
2.000000000000000e-01	7.000000e-04	9.075937e-02
2.100000000000000e-01	7.000000e-04	9.393156e-02
2.200000000000001e-01	7.000000e-04	9.645049e-02
2.300000000000001e-01	7.000000e-04	9.838855e-02
2.400000000000001e-01	7.000000e-04	9.983876e-02
2.500000000000001e-01	7.000000e-04	1.008992e-01
2.600000000000001e-01	7.000000e-04	1.016609e-01
2.700000000000001e-01	7.000000e-04	1.022010e-01
2.800000000000001e-01	7.000000e-04	1.025809e-01
2.900000000000001e-01	7.000000e-04	1.028470e-01
3.000000000000001e-01	7.000000e-04	1.030333e-01
3.100000000000001e-01	7.000000e-04	1.031643e-01
3.200000000000001e-01	7.000000e-04	1.032571e-01
3.300000000000001e-01	7.000000e-04	1.033238e-01
3.400000000000001e-01	7.000000e-04	1.033725e-01
3.500000000000001e-01	7.000000e-04	1.034090e-01
3.600000000000002e-01	7.000000e-04	1.034371e-01
3.700000000000002e-01	7.000000e-04	1.034596e-01
3.800000000000002e-01	7.000000e-04	1.034782e-01
3.900000000000002e-01	7.000000e-04	1.034942e-01
4.000000000000002e-01	7.000000e-04	1.035084e-01
4.100000000000002e-01	7.000000e-04	1.035213e-01
4.200000000000002e-01	7.000000e-04	1.035335e-01
4.300000000000002e-01	7.000000e-04	1.035451e-01
4.400000000000002e-01	7.000000e-04	1.035563e-01
4.500000000000002e-01	7.000000e-04	1.035672e-01
4.600000000000002e-01	7.000000e-04	1.035780e-01
4.700000000000003e-01	7.000000e-04	1.035886e-01
4.800000000000003e-01	7.000000e-04	1.035992e-01
4.900000000000003e-01	7.000000e-04	1.036097e-01
5.000000000000002e-01	7.000000e-04	1.036202e-01
5.100000000000002e-01	7.000000e-04	1.036306e-01
5.200000000000002e-01	7.000000e-04	1.036410e-01
5.300000000000002e-01	7.000000e-04	1.036514e-01
5.400000000000003e-01	7.000000e-04	1.036619e-01
5.500000000000003e-01	7.000000e-04	1.036723e-01
5.600000000000003e-01	7.000000e-04	1.036827e-01
5.700000000000003e-01	7.000000e-04	1.036931e-01
5.800000000000003e-01	7.000000e-04	1.037035e-01
5.900000000000003e-01	7.000000e-04	1.037138e-01
6.000000000000003e-01	7.000000e-04	1.037242e-01
6.100000000000003e-01	7.000000e-04	1.037346e-01
6.200000000000003e-01	7.000000e-04	1.037450e-01
6.300000000000003e-01	7.000000e-04	1.037554e-01
6.400000000000003e-01	7.000000e-04	1.037658e-01
6.500000000000004e-01	7.000000e-04	1.037762e-01
6.600000000000004e-01	7.000000e-04	1.037866e-01
6.700000000000004e-01	7.000000e-04	1.037970e-01
6.800000000000004e-01	7.000000e-04	1.038074e-01
6.900000000000004e-01	7.000000e-04	1.038178e-01
7.000000000000004e-01	7.000000e-04	1.038282e-01
7.100000000000004e-01	7.000000e-04	1.038385e-01
7.200000000000004e-01	7.000000e-04	1.038489e-01
7.300000000000004e-01	7.000000e-04	1.038593e-01
7.400000000000004e-01	7.000000e-04	1.038697e-01
7.500000000000004e-01	7.000000e-04	1.038801e-01
7.600000000000005e-01	7.000000e-04	1.038905e-01
7.700000000000005e-01	7.000000e-04	1.039009e-01
7.800000000000005e-01	7.000000e-04	1.039113e-01
7.900000000000005e-01	7.000000e-04	1.039217e-01
8.000000000000005e-01	7.000000e-04	1.039321e-01
8.100000000000005e-01	7.000000e-04	1.039425e-01
8.200000000000005e-01	7.000000e-04	1.039529e-01
8.300000000000005e-01	7.000000e-04	1.039632e-01
8.400000000000005e-01	7.000000e-04	1.039736e-01
8.500000000000005e-01	7.000000e-04	1.039840e-01
8.600000000000005e-01	7.000000e-04	1.039944e-01
8.700000000000006e-01	7.000000e-04	1.040048e-01
8.800000000000006e-01	7.000000e-04	1.040152e-01
8.900000000000006e-01	7.000000e-04	1.040256e-01
9.000000000000006e-01	7.000000e-04	1.040360e-01
9.100000000000006e-01	7.000000e-04	1.040464e-01
9.200000000000006e-01	7.000000e-04	1.040568e-01
9.300000000000006e-01	7.000000e-04	1.040672e-01
9.400000000000006e-01	7.000000e-04	1.040775e-01
9.500000000000006e-01	7.000000e-04	1.040879e-01
9.600000000000006e-01	7.000000e-04	1.040983e-01
9.700000000000006e-01	7.000000e-04	1.041087e-01
9.800000000000006e-01	7.000000e-04	1.041191e-01
9.900000000000007e-01	7.000000e-04	1.041295e-01
1.000000000000001e+00	7.000000e-04	1.041399e-01
1.010000000000001e+00	7.000000e-04	1.041503e-01
1.020000000000001e+00	7.000000e-04	1.041607e-01
1.030000000000001e+00	7.000000e-04	1.041711e-01
1.040000000000001e+00	7.000000e-04	1.041815e-01
1.050000000000001e+00	7.000000e-04	1.041919e-01
1.060000000000001e+00	7.000000e-04	1.042022e-01
1.070000000000001e+00	7.000000e-04	1.042126e-01
1.080000000000001e+00	7.000000e-04	1.042230e-01
1.090000000000001e+00	7.000000e-04	1.042334e-01
1.100000000000001e+00	7.000000e-04	1.042438e-01
1.110000000000001e+00	7.000000e-04	1.042542e-01
1.120000000000001e+00	7.000000e-04	1.042646e-01
1.130000000000001e+00	7.000000e-04	1.042750e-01
1.140000000000001e+00	7.000000e-04	1.042854e-01
1.150000000000001e+00	7.000000e-04	1.042958e-01
1.160000000000001e+00	7.000000e-04	1.043062e-01
1.170000000000001e+00	7.000000e-04	1.043166e-01
1.180000000000001e+00	7.000000e-04	1.043269e-01
1.190000000000001e+00	7.000000e-04	1.043373e-01
1.200000000000001e+00	7.000000e-04	1.043477e-01
1.210000000000001e+00	7.000000e-04	1.043581e-01
1.220000000000001e+00	7.000000e-04	1.043685e-01
1.230000000000001e+00	7.000000e-04	1.043789e-01
1.240000000000001e+00	7.000000e-04	1.043893e-01
1.250000000000001e+00	7.000000e-04	1.043997e-01
1.260000000000001e+00	7.000000e-04	1.044101e-01
1.270000000000001e+00	7.000000e-04	1.044205e-01
1.280000000000001e+00	7.000000e-04	1.044309e-01
1.290000000000001e+00	7.000000e-04	1.044413e-01
1.300000000000001e+00	7.000000e-04	1.044516e-01
1.310000000000001e+00	7.000000e-04	1.044620e-01
1.320000000000001e+00	7.000000e-04	1.044724e-01
1.330000000000001e+00	7.000000e-04	1.044828e-01
1.340000000000001e+00	7.000000e-04	1.044932e-01
1.350000000000001e+00	7.000000e-04	1.045036e-01
1.360000000000001e+00	7.000000e-04	1.045140e-01
1.370000000000001e+00	7.000000e-04	1.045244e-01
1.380000000000001e+00	7.000000e-04	1.045348e-01
1.390000000000001e+00	7.000000e-04	1.045452e-01
1.400000000000001e+00	7.000000e-04	1.045556e-01
1.410000000000001e+00	7.000000e-04	1.045659e-01
1.420000000000001e+00	7.000000e-04	1.045763e-01
1.430000000000001e+00	7.000000e-04	1.045867e-01
1.440000000000001e+00	7.000000e-04	1.045971e-01
1.450000000000001e+00	7.000000e-04	1.046075e-01
1.460000000000001e+00	7.000000e-04	1.046179e-01
1.470000000000001e+00	7.000000e-04	1.046283e-01
1.480000000000001e+00	7.000000e-04	1.046387e-01
1.490000000000001e+00	7.000000e-04	1.046491e-01
1.500000000000000e+00	7.000000e-04	1.046595e-01
Step Information: I1=800µ  (Run: 8/10)
0.000000000000000e+00	8.000000e-04	-7.678194e-04
1.000000000000000e-02	8.000000e-04	2.675686e-04
2.000000000000000e-02	8.000000e-04	1.691044e-03
3.000000000000000e-02	8.000000e-04	3.603116e-03
4.000000000000000e-02	8.000000e-04	6.101282e-03
5.000000000000000e-02	8.000000e-04	9.264770e-03
6.000000000000000e-02	8.000000e-04	1.313991e-02
7.000000000000001e-02	8.000000e-04	1.773112e-02
8.000000000000000e-02	8.000000e-04	2.300031e-02
9.000000000000000e-02	8.000000e-04	2.887321e-02
9.999999999999999e-02	8.000000e-04	3.524935e-02
1.100000000000000e-01	8.000000e-04	4.201160e-02
1.200000000000000e-01	8.000000e-04	4.903365e-02
1.300000000000000e-01	8.000000e-04	5.618458e-02
1.400000000000000e-01	8.000000e-04	6.333151e-02
1.500000000000000e-01	8.000000e-04	7.034110e-02
1.600000000000000e-01	8.000000e-04	7.708123e-02
1.700000000000000e-01	8.000000e-04	8.342408e-02
1.800000000000000e-01	8.000000e-04	8.925144e-02
1.900000000000000e-01	8.000000e-04	9.446293e-02
2.000000000000000e-01	8.000000e-04	9.898642e-02
2.100000000000000e-01	8.000000e-04	1.027881e-01
2.200000000000001e-01	8.000000e-04	1.058779e-01
2.300000000000001e-01	8.000000e-04	1.083082e-01
2.400000000000001e-01	8.000000e-04	1.101624e-01
2.500000000000001e-01	8.000000e-04	1.115403e-01
2.600000000000001e-01	8.000000e-04	1.125426e-01
2.700000000000001e-01	8.000000e-04	1.132598e-01
2.800000000000001e-01	8.000000e-04	1.137672e-01
2.900000000000001e-01	8.000000e-04	1.141237e-01
3.000000000000001e-01	8.000000e-04	1.143736e-01
3.100000000000001e-01	8.000000e-04	1.145490e-01
3.200000000000001e-01	8.000000e-04	1.146727e-01
3.300000000000001e-01	8.000000e-04	1.147609e-01
3.400000000000001e-01	8.000000e-04	1.148247e-01
3.500000000000001e-01	8.000000e-04	1.148719e-01
3.600000000000002e-01	8.000000e-04	1.149077e-01
3.700000000000002e-01	8.000000e-04	1.149357e-01
3.800000000000002e-01	8.000000e-04	1.149585e-01
3.900000000000002e-01	8.000000e-04	1.149777e-01
4.000000000000002e-01	8.000000e-04	1.149944e-01
4.100000000000002e-01	8.000000e-04	1.150095e-01
4.200000000000002e-01	8.000000e-04	1.150234e-01
4.300000000000002e-01	8.000000e-04	1.150366e-01
4.400000000000002e-01	8.000000e-04	1.150492e-01
4.500000000000002e-01	8.000000e-04	1.150615e-01
4.600000000000002e-01	8.000000e-04	1.150736e-01
4.700000000000003e-01	8.000000e-04	1.150855e-01
4.800000000000003e-01	8.000000e-04	1.150973e-01
4.900000000000003e-01	8.000000e-04	1.151090e-01
5.000000000000002e-01	8.000000e-04	1.151206e-01
5.100000000000002e-01	8.000000e-04	1.151322e-01
5.200000000000002e-01	8.000000e-04	1.151438e-01
5.300000000000002e-01	8.000000e-04	1.151554e-01
5.400000000000003e-01	8.000000e-04	1.151670e-01
5.500000000000003e-01	8.000000e-04	1.151785e-01
5.600000000000003e-01	8.000000e-04	1.151901e-01
5.700000000000003e-01	8.000000e-04	1.152017e-01
5.800000000000003e-01	8.000000e-04	1.152132e-01
5.900000000000003e-01	8.000000e-04	1.152247e-01
6.000000000000003e-01	8.000000e-04	1.152363e-01
6.100000000000003e-01	8.000000e-04	1.152478e-01
6.200000000000003e-01	8.000000e-04	1.152594e-01
6.300000000000003e-01	8.000000e-04	1.152709e-01
6.400000000000003e-01	8.000000e-04	1.152825e-01
6.500000000000004e-01	8.000000e-04	1.152940e-01
6.600000000000004e-01	8.000000e-04	1.153056e-01
6.700000000000004e-01	8.000000e-04	1.153171e-01
6.800000000000004e-01	8.000000e-04	1.153287e-01
6.900000000000004e-01	8.000000e-04	1.153402e-01
7.000000000000004e-01	8.000000e-04	1.153518e-01
7.100000000000004e-01	8.000000e-04	1.153633e-01
7.200000000000004e-01	8.000000e-04	1.153748e-01
7.300000000000004e-01	8.000000e-04	1.153864e-01
7.400000000000004e-01	8.000000e-04	1.153979e-01
7.500000000000004e-01	8.000000e-04	1.154095e-01
7.600000000000005e-01	8.000000e-04	1.154210e-01
7.700000000000005e-01	8.000000e-04	1.154326e-01
7.800000000000005e-01	8.000000e-04	1.154441e-01
7.900000000000005e-01	8.000000e-04	1.154557e-01
8.000000000000005e-01	8.000000e-04	1.154672e-01
8.100000000000005e-01	8.000000e-04	1.154788e-01
8.200000000000005e-01	8.000000e-04	1.154903e-01
8.300000000000005e-01	8.000000e-04	1.155018e-01
8.400000000000005e-01	8.000000e-04	1.155134e-01
8.500000000000005e-01	8.000000e-04	1.155249e-01
8.600000000000005e-01	8.000000e-04	1.155365e-01
8.700000000000006e-01	8.000000e-04	1.155480e-01
8.800000000000006e-01	8.000000e-04	1.155596e-01
8.900000000000006e-01	8.000000e-04	1.155711e-01
9.000000000000006e-01	8.000000e-04	1.155827e-01
9.100000000000006e-01	8.000000e-04	1.155942e-01
9.200000000000006e-01	8.000000e-04	1.156057e-01
9.300000000000006e-01	8.000000e-04	1.156173e-01
9.400000000000006e-01	8.000000e-04	1.156288e-01
9.500000000000006e-01	8.000000e-04	1.156404e-01
9.600000000000006e-01	8.000000e-04	1.156519e-01
9.700000000000006e-01	8.000000e-04	1.156635e-01
9.800000000000006e-01	8.000000e-04	1.156750e-01
9.900000000000007e-01	8.000000e-04	1.156866e-01
1.000000000000001e+00	8.000000e-04	1.156981e-01
1.010000000000001e+00	8.000000e-04	1.157097e-01
1.020000000000001e+00	8.000000e-04	1.157212e-01
1.030000000000001e+00	8.000000e-04	1.157327e-01
1.040000000000001e+00	8.000000e-04	1.157443e-01
1.050000000000001e+00	8.000000e-04	1.157558e-01
1.060000000000001e+00	8.000000e-04	1.157674e-01
1.070000000000001e+00	8.000000e-04	1.157789e-01
1.080000000000001e+00	8.000000e-04	1.157905e-01
1.090000000000001e+00	8.000000e-04	1.158020e-01
1.100000000000001e+00	8.000000e-04	1.158136e-01
1.110000000000001e+00	8.000000e-04	1.158251e-01
1.120000000000001e+00	8.000000e-04	1.158367e-01
1.130000000000001e+00	8.000000e-04	1.158482e-01
1.140000000000001e+00	8.000000e-04	1.158597e-01
1.150000000000001e+00	8.000000e-04	1.158713e-01
1.160000000000001e+00	8.000000e-04	1.158828e-01
1.170000000000001e+00	8.000000e-04	1.158944e-01
1.180000000000001e+00	8.000000e-04	1.159059e-01
1.190000000000001e+00	8.000000e-04	1.159175e-01
1.200000000000001e+00	8.000000e-04	1.159290e-01
1.210000000000001e+00	8.000000e-04	1.159406e-01
1.220000000000001e+00	8.000000e-04	1.159521e-01
1.230000000000001e+00	8.000000e-04	1.159637e-01
1.240000000000001e+00	8.000000e-04	1.159752e-01
1.250000000000001e+00	8.000000e-04	1.159867e-01
1.260000000000001e+00	8.000000e-04	1.159983e-01
1.270000000000001e+00	8.000000e-04	1.160098e-01
1.280000000000001e+00	8.000000e-04	1.160214e-01
1.290000000000001e+00	8.000000e-04	1.160329e-01
1.300000000000001e+00	8.000000e-04	1.160445e-01
1.310000000000001e+00	8.000000e-04	1.160560e-01
1.320000000000001e+00	8.000000e-04	1.160676e-01
1.330000000000001e+00	8.000000e-04	1.160791e-01
1.340000000000001e+00	8.000000e-04	1.160906e-01
1.350000000000001e+00	8.000000e-04	1.161022e-01
1.360000000000001e+00	8.000000e-04	1.161137e-01
1.370000000000001e+00	8.000000e-04	1.161253e-01
1.380000000000001e+00	8.000000e-04	1.161368e-01
1.390000000000001e+00	8.000000e-04	1.161484e-01
1.400000000000001e+00	8.000000e-04	1.161599e-01
1.410000000000001e+00	8.000000e-04	1.161715e-01
1.420000000000001e+00	8.000000e-04	1.161830e-01
1.430000000000001e+00	8.000000e-04	1.161946e-01
1.440000000000001e+00	8.000000e-04	1.162061e-01
1.450000000000001e+00	8.000000e-04	1.162176e-01
1.460000000000001e+00	8.000000e-04	1.162292e-01
1.470000000000001e+00	8.000000e-04	1.162407e-01
1.480000000000001e+00	8.000000e-04	1.162523e-01
1.490000000000001e+00	8.000000e-04	1.162638e-01
1.500000000000000e+00	8.000000e-04	1.162754e-01
Step Information: I1=900µ  (Run: 9/10)
0.000000000000000e+00	9.000000e-04	-8.610855e-04
1.000000000000000e-02	9.000000e-04	2.945045e-04
2.000000000000000e-02	9.000000e-04	1.874502e-03
3.000000000000000e-02	9.000000e-04	3.982788e-03
4.000000000000000e-02	9.000000e-04	6.716680e-03
5.000000000000000e-02	9.000000e-04	1.015122e-02
6.000000000000000e-02	9.000000e-04	1.432554e-02
7.000000000000001e-02	9.000000e-04	1.923602e-02
8.000000000000000e-02	9.000000e-04	2.483788e-02
9.000000000000000e-02	9.000000e-04	3.105307e-02
9.999999999999999e-02	9.000000e-04	3.778058e-02
1.100000000000000e-01	9.000000e-04	4.490567e-02
1.200000000000000e-01	9.000000e-04	5.230654e-02
1.300000000000000e-01	9.000000e-04	5.985821e-02
1.400000000000000e-01	9.000000e-04	6.743436e-02
1.500000000000000e-01	9.000000e-04	7.490804e-02
1.600000000000000e-01	9.000000e-04	8.215222e-02
1.700000000000000e-01	9.000000e-04	8.904139e-02
1.800000000000000e-01	9.000000e-04	9.545502e-02
1.900000000000000e-01	9.000000e-04	1.012838e-01
2.000000000000000e-01	9.000000e-04	1.064390e-01
2.100000000000000e-01	9.000000e-04	1.108629e-01
2.200000000000001e-01	9.000000e-04	1.145383e-01
2.300000000000001e-01	9.000000e-04	1.174926e-01
2.400000000000001e-01	9.000000e-04	1.197924e-01
2.500000000000001e-01	9.000000e-04	1.215315e-01
2.600000000000001e-01	9.000000e-04	1.228145e-01
2.700000000000001e-01	9.000000e-04	1.237425e-01
2.800000000000001e-01	9.000000e-04	1.244041e-01
2.900000000000001e-01	9.000000e-04	1.248713e-01
3.000000000000001e-01	9.000000e-04	1.251993e-01
3.100000000000001e-01	9.000000e-04	1.254295e-01
3.200000000000001e-01	9.000000e-04	1.255914e-01
3.300000000000001e-01	9.000000e-04	1.257062e-01
3.400000000000001e-01	9.000000e-04	1.257886e-01
3.500000000000001e-01	9.000000e-04	1.258488e-01
3.600000000000002e-01	9.000000e-04	1.258939e-01
3.700000000000002e-01	9.000000e-04	1.259286e-01
3.800000000000002e-01	9.000000e-04	1.259562e-01
3.900000000000002e-01	9.000000e-04	1.259791e-01
4.000000000000002e-01	9.000000e-04	1.259987e-01
4.100000000000002e-01	9.000000e-04	1.260160e-01
4.200000000000002e-01	9.000000e-04	1.260319e-01
4.300000000000002e-01	9.000000e-04	1.260467e-01
4.400000000000002e-01	9.000000e-04	1.260608e-01
4.500000000000002e-01	9.000000e-04	1.260745e-01
4.600000000000002e-01	9.000000e-04	1.260878e-01
4.700000000000003e-01	9.000000e-04	1.261009e-01
4.800000000000003e-01	9.000000e-04	1.261139e-01
4.900000000000003e-01	9.000000e-04	1.261268e-01
5.000000000000002e-01	9.000000e-04	1.261396e-01
5.100000000000002e-01	9.000000e-04	1.261523e-01
5.200000000000002e-01	9.000000e-04	1.261650e-01
5.300000000000002e-01	9.000000e-04	1.261777e-01
5.400000000000003e-01	9.000000e-04	1.261904e-01
5.500000000000003e-01	9.000000e-04	1.262031e-01
5.600000000000003e-01	9.000000e-04	1.262158e-01
5.700000000000003e-01	9.000000e-04	1.262284e-01
5.800000000000003e-01	9.000000e-04	1.262411e-01
5.900000000000003e-01	9.000000e-04	1.262537e-01
6.000000000000003e-01	9.000000e-04	1.262664e-01
6.100000000000003e-01	9.000000e-04	1.262790e-01
6.200000000000003e-01	9.000000e-04	1.262917e-01
6.300000000000003e-01	9.000000e-04	1.263043e-01
6.400000000000003e-01	9.000000e-04	1.263170e-01
6.500000000000004e-01	9.000000e-04	1.263296e-01
6.600000000000004e-01	9.000000e-04	1.263423e-01
6.700000000000004e-01	9.000000e-04	1.263549e-01
6.800000000000004e-01	9.000000e-04	1.263676e-01
6.900000000000004e-01	9.000000e-04	1.263802e-01
7.000000000000004e-01	9.000000e-04	1.263929e-01
7.100000000000004e-01	9.000000e-04	1.264056e-01
7.200000000000004e-01	9.000000e-04	1.264182e-01
7.300000000000004e-01	9.000000e-04	1.264309e-01
7.400000000000004e-01	9.000000e-04	1.264435e-01
7.500000000000004e-01	9.000000e-04	1.264562e-01
7.600000000000005e-01	9.000000e-04	1.264688e-01
7.700000000000005e-01	9.000000e-04	1.264814e-01
7.800000000000005e-01	9.000000e-04	1.264941e-01
7.900000000000005e-01	9.000000e-04	1.265067e-01
8.000000000000005e-01	9.000000e-04	1.265194e-01
8.100000000000005e-01	9.000000e-04	1.265320e-01
8.200000000000005e-01	9.000000e-04	1.265447e-01
8.300000000000005e-01	9.000000e-04	1.265574e-01
8.400000000000005e-01	9.000000e-04	1.265700e-01
8.500000000000005e-01	9.000000e-04	1.265827e-01
8.600000000000005e-01	9.000000e-04	1.265953e-01
8.700000000000006e-01	9.000000e-04	1.266080e-01
8.800000000000006e-01	9.000000e-04	1.266206e-01
8.900000000000006e-01	9.000000e-04	1.266333e-01
9.000000000000006e-01	9.000000e-04	1.266459e-01
9.100000000000006e-01	9.000000e-04	1.266586e-01
9.200000000000006e-01	9.000000e-04	1.266712e-01
9.300000000000006e-01	9.000000e-04	1.266839e-01
9.400000000000006e-01	9.000000e-04	1.266965e-01
9.500000000000006e-01	9.000000e-04	1.267092e-01
9.600000000000006e-01	9.000000e-04	1.267218e-01
9.700000000000006e-01	9.000000e-04	1.267345e-01
9.800000000000006e-01	9.000000e-04	1.267471e-01
9.900000000000007e-01	9.000000e-04	1.267598e-01
1.000000000000001e+00	9.000000e-04	1.267724e-01
1.010000000000001e+00	9.000000e-04	1.267851e-01
1.020000000000001e+00	9.000000e-04	1.267977e-01
1.030000000000001e+00	9.000000e-04	1.268104e-01
1.040000000000001e+00	9.000000e-04	1.268230e-01
1.050000000000001e+00	9.000000e-04	1.268357e-01
1.060000000000001e+00	9.000000e-04	1.268483e-01
1.070000000000001e+00	9.000000e-04	1.268610e-01
1.080000000000001e+00	9.000000e-04	1.268736e-01
1.090000000000001e+00	9.000000e-04	1.268863e-01
1.100000000000001e+00	9.000000e-04	1.268989e-01
1.110000000000001e+00	9.000000e-04	1.269116e-01
1.120000000000001e+00	9.000000e-04	1.269242e-01
1.130000000000001e+00	9.000000e-04	1.269369e-01
1.140000000000001e+00	9.000000e-04	1.269495e-01
1.150000000000001e+00	9.000000e-04	1.269622e-01
1.160000000000001e+00	9.000000e-04	1.269748e-01
1.170000000000001e+00	9.000000e-04	1.269875e-01
1.180000000000001e+00	9.000000e-04	1.270001e-01
1.190000000000001e+00	9.000000e-04	1.270128e-01
1.200000000000001e+00	9.000000e-04	1.270254e-01
1.210000000000001e+00	9.000000e-04	1.270381e-01
1.220000000000001e+00	9.000000e-04	1.270507e-01
1.230000000000001e+00	9.000000e-04	1.270634e-01
1.240000000000001e+00	9.000000e-04	1.270760e-01
1.250000000000001e+00	9.000000e-04	1.270887e-01
1.260000000000001e+00	9.000000e-04	1.271013e-01
1.270000000000001e+00	9.000000e-04	1.271140e-01
1.280000000000001e+00	9.000000e-04	1.271266e-01
1.290000000000001e+00	9.000000e-04	1.271393e-01
1.300000000000001e+00	9.000000e-04	1.271519e-01
1.310000000000001e+00	9.000000e-04	1.271646e-01
1.320000000000001e+00	9.000000e-04	1.271772e-01
1.330000000000001e+00	9.000000e-04	1.271899e-01
1.340000000000001e+00	9.000000e-04	1.272025e-01
1.350000000000001e+00	9.000000e-04	1.272152e-01
1.360000000000001e+00	9.000000e-04	1.272278e-01
1.370000000000001e+00	9.000000e-04	1.272405e-01
1.380000000000001e+00	9.000000e-04	1.272531e-01
1.390000000000001e+00	9.000000e-04	1.272658e-01
1.400000000000001e+00	9.000000e-04	1.272784e-01
1.410000000000001e+00	9.000000e-04	1.272911e-01
1.420000000000001e+00	9.000000e-04	1.273037e-01
1.430000000000001e+00	9.000000e-04	1.273164e-01
1.440000000000001e+00	9.000000e-04	1.273290e-01
1.450000000000001e+00	9.000000e-04	1.273417e-01
1.460000000000001e+00	9.000000e-04	1.273543e-01
1.470000000000001e+00	9.000000e-04	1.273670e-01
1.480000000000001e+00	9.000000e-04	1.273796e-01
1.490000000000001e+00	9.000000e-04	1.273923e-01
1.500000000000000e+00	9.000000e-04	1.274049e-01
Step Information: I1=1m  (Run: 10/10)
0.000000000000000e+00	1.000000e-03	-9.537845e-04
1.000000000000000e-02	1.000000e-03	3.201380e-04
2.000000000000000e-02	1.000000e-03	2.052641e-03
3.000000000000000e-02	1.000000e-03	4.349801e-03
4.000000000000000e-02	1.000000e-03	7.307599e-03
5.000000000000000e-02	1.000000e-03	1.099612e-02
6.000000000000000e-02	1.000000e-03	1.544719e-02
7.000000000000001e-02	1.000000e-03	2.064962e-02
8.000000000000000e-02	1.000000e-03	2.655281e-02
9.000000000000000e-02	1.000000e-03	3.307572e-02
9.999999999999999e-02	1.000000e-03	4.011727e-02
1.100000000000000e-01	1.000000e-03	4.756517e-02
1.200000000000000e-01	1.000000e-03	5.530196e-02
1.300000000000000e-01	1.000000e-03	6.320823e-02
1.400000000000000e-01	1.000000e-03	7.116392e-02
1.500000000000000e-01	1.000000e-03	7.904843e-02
1.600000000000000e-01	1.000000e-03	8.674047e-02
1.700000000000000e-01	1.000000e-03	9.411855e-02
1.800000000000000e-01	1.000000e-03	1.010630e-01
1.900000000000000e-01	1.000000e-03	1.074602e-01
2.000000000000000e-01	1.000000e-03	1.132103e-01
2.100000000000000e-01	1.000000e-03	1.182370e-01
2.200000000000001e-01	1.000000e-03	1.224988e-01
2.300000000000001e-01	1.000000e-03	1.259966e-01
2.400000000000001e-01	1.000000e-03	1.287750e-01
2.500000000000001e-01	1.000000e-03	1.309149e-01
2.600000000000001e-01	1.000000e-03	1.325182e-01
2.700000000000001e-01	1.000000e-03	1.336923e-01
2.800000000000001e-01	1.000000e-03	1.345371e-01
2.900000000000001e-01	1.000000e-03	1.351371e-01
3.000000000000001e-01	1.000000e-03	1.355600e-01
3.100000000000001e-01	1.000000e-03	1.358570e-01
3.200000000000001e-01	1.000000e-03	1.360658e-01
3.300000000000001e-01	1.000000e-03	1.362132e-01
3.400000000000001e-01	1.000000e-03	1.363183e-01
3.500000000000001e-01	1.000000e-03	1.363944e-01
3.600000000000002e-01	1.000000e-03	1.364506e-01
3.700000000000002e-01	1.000000e-03	1.364933e-01
3.800000000000002e-01	1.000000e-03	1.365267e-01
3.900000000000002e-01	1.000000e-03	1.365538e-01
4.000000000000002e-01	1.000000e-03	1.365766e-01
4.100000000000002e-01	1.000000e-03	1.365965e-01
4.200000000000002e-01	1.000000e-03	1.366145e-01
4.300000000000002e-01	1.000000e-03	1.366310e-01
4.400000000000002e-01	1.000000e-03	1.366467e-01
4.500000000000002e-01	1.000000e-03	1.366617e-01
4.600000000000002e-01	1.000000e-03	1.366764e-01
4.700000000000003e-01	1.000000e-03	1.366907e-01
4.800000000000003e-01	1.000000e-03	1.367048e-01
4.900000000000003e-01	1.000000e-03	1.367188e-01
5.000000000000002e-01	1.000000e-03	1.367327e-01
5.100000000000002e-01	1.000000e-03	1.367466e-01
5.200000000000002e-01	1.000000e-03	1.367604e-01
5.300000000000002e-01	1.000000e-03	1.367741e-01
5.400000000000003e-01	1.000000e-03	1.367879e-01
5.500000000000003e-01	1.000000e-03	1.368016e-01
5.600000000000003e-01	1.000000e-03	1.368154e-01
5.700000000000003e-01	1.000000e-03	1.368291e-01
5.800000000000003e-01	1.000000e-03	1.368428e-01
5.900000000000003e-01	1.000000e-03	1.368565e-01
6.000000000000003e-01	1.000000e-03	1.368702e-01
6.100000000000003e-01	1.000000e-03	1.368840e-01
6.200000000000003e-01	1.000000e-03	1.368977e-01
6.300000000000003e-01	1.000000e-03	1.369114e-01
6.400000000000003e-01	1.000000e-03	1.369251e-01
6.500000000000004e-01	1.000000e-03	1.369388e-01
6.600000000000004e-01	1.000000e-03	1.369525e-01
6.700000000000004e-01	1.000000e-03	1.369662e-01
6.800000000000004e-01	1.000000e-03	1.369800e-01
6.900000000000004e-01	1.000000e-03	1.369937e-01
7.000000000000004e-01	1.000000e-03	1.370074e-01
7.100000000000004e-01	1.000000e-03	1.370211e-01
7.200000000000004e-01	1.000000e-03	1.370348e-01
7.300000000000004e-01	1.000000e-03	1.370485e-01
7.400000000000004e-01	1.000000e-03	1.370622e-01
7.500000000000004e-01	1.000000e-03	1.370759e-01
7.600000000000005e-01	1.000000e-03	1.370897e-01
7.700000000000005e-01	1.000000e-03	1.371034e-01
7.800000000000005e-01	1.000000e-03	1.371171e-01
7.900000000000005e-01	1.000000e-03	1.371308e-01
8.000000000000005e-01	1.000000e-03	1.371445e-01
8.100000000000005e-01	1.000000e-03	1.371582e-01
8.200000000000005e-01	1.000000e-03	1.371719e-01
8.300000000000005e-01	1.000000e-03	1.371857e-01
8.400000000000005e-01	1.000000e-03	1.371994e-01
8.500000000000005e-01	1.000000e-03	1.372131e-01
8.600000000000005e-01	1.000000e-03	1.372268e-01
8.700000000000006e-01	1.000000e-03	1.372405e-01
8.800000000000006e-01	1.000000e-03	1.372542e-01
8.900000000000006e-01	1.000000e-03	1.372679e-01
9.000000000000006e-01	1.000000e-03	1.372817e-01
9.100000000000006e-01	1.000000e-03	1.372954e-01
9.200000000000006e-01	1.000000e-03	1.373091e-01
9.300000000000006e-01	1.000000e-03	1.373228e-01
9.400000000000006e-01	1.000000e-03	1.373365e-01
9.500000000000006e-01	1.000000e-03	1.373502e-01
9.600000000000006e-01	1.000000e-03	1.373639e-01
9.700000000000006e-01	1.000000e-03	1.373776e-01
9.800000000000006e-01	1.000000e-03	1.373914e-01
9.900000000000007e-01	1.000000e-03	1.374051e-01
1.000000000000001e+00	1.000000e-03	1.374188e-01
1.010000000000001e+00	1.000000e-03	1.374325e-01
1.020000000000001e+00	1.000000e-03	1.374462e-01
1.030000000000001e+00	1.000000e-03	1.374599e-01
1.040000000000001e+00	1.000000e-03	1.374736e-01
1.050000000000001e+00	1.000000e-03	1.374874e-01
1.060000000000001e+00	1.000000e-03	1.375011e-01
1.070000000000001e+00	1.000000e-03	1.375148e-01
1.080000000000001e+00	1.000000e-03	1.375285e-01
1.090000000000001e+00	1.000000e-03	1.375422e-01
1.100000000000001e+00	1.000000e-03	1.375559e-01
1.110000000000001e+00	1.000000e-03	1.375696e-01
1.120000000000001e+00	1.000000e-03	1.375833e-01
1.130000000000001e+00	1.000000e-03	1.375971e-01
1.140000000000001e+00	1.000000e-03	1.376108e-01
1.150000000000001e+00	1.000000e-03	1.376245e-01
1.160000000000001e+00	1.000000e-03	1.376382e-01
1.170000000000001e+00	1.000000e-03	1.376519e-01
1.180000000000001e+00	1.000000e-03	1.376656e-01
1.190000000000001e+00	1.000000e-03	1.376793e-01
1.200000000000001e+00	1.000000e-03	1.376930e-01
1.210000000000001e+00	1.000000e-03	1.377068e-01
1.220000000000001e+00	1.000000e-03	1.377205e-01
1.230000000000001e+00	1.000000e-03	1.377342e-01
1.240000000000001e+00	1.000000e-03	1.377479e-01
1.250000000000001e+00	1.000000e-03	1.377616e-01
1.260000000000001e+00	1.000000e-03	1.377753e-01
1.270000000000001e+00	1.000000e-03	1.377890e-01
1.280000000000001e+00	1.000000e-03	1.378028e-01
1.290000000000001e+00	1.000000e-03	1.378165e-01
1.300000000000001e+00	1.000000e-03	1.378302e-01
1.310000000000001e+00	1.000000e-03	1.378439e-01
1.320000000000001e+00	1.000000e-03	1.378576e-01
1.330000000000001e+00	1.000000e-03	1.378713e-01
1.340000000000001e+00	1.000000e-03	1.378850e-01
1.350000000000001e+00	1.000000e-03	1.378988e-01
1.360000000000001e+00	1.000000e-03	1.379125e-01
1.370000000000001e+00	1.000000e-03	1.379262e-01
1.380000000000001e+00	1.000000e-03	1.379399e-01
1.390000000000001e+00	1.000000e-03	1.379536e-01
1.400000000000001e+00	1.000000e-03	1.379673e-01
1.410000000000001e+00	1.000000e-03	1.379810e-01
1.420000000000001e+00	1.000000e-03	1.379948e-01
1.430000000000001e+00	1.000000e-03	1.380085e-01
1.440000000000001e+00	1.000000e-03	1.380222e-01
1.450000000000001e+00	1.000000e-03	1.380359e-01
1.460000000000001e+00	1.000000e-03	1.380496e-01
1.470000000000001e+00	1.000000e-03	1.380633e-01
1.480000000000001e+00	1.000000e-03	1.380770e-01
1.490000000000001e+00	1.000000e-03	1.380907e-01
1.500000000000000e+00	1.000000e-03	1.381045e-01
